{
 "cells": [
  {
   "cell_type": "code",
   "execution_count": 1,
   "metadata": {
    "collapsed": true
   },
   "outputs": [],
   "source": [
    "import numpy as np\n",
    "import pandas as pd\n",
    "import gmpy2\n",
    "import math\n",
    "from multiprocessing import Pool\n",
    "import multiprocessing as mp"
   ]
  },
  {
   "cell_type": "markdown",
   "metadata": {
    "heading_collapsed": true
   },
   "source": [
    "# Problem 1 :\n",
    "If we list all the natural numbers below 10 that are multiples of 3 or 5, we get 3, 5, 6 and 9. The sum of these multiples is 23.\n",
    "\n",
    "Find the sum of all the multiples of 3 or 5 below 1000."
   ]
  },
  {
   "cell_type": "code",
   "execution_count": 124,
   "metadata": {
    "collapsed": true,
    "hidden": true
   },
   "outputs": [],
   "source": [
    "k = 1000"
   ]
  },
  {
   "cell_type": "code",
   "execution_count": 125,
   "metadata": {
    "collapsed": true,
    "hidden": true
   },
   "outputs": [],
   "source": [
    "x = (k-1)//5"
   ]
  },
  {
   "cell_type": "code",
   "execution_count": 126,
   "metadata": {
    "collapsed": true,
    "hidden": true
   },
   "outputs": [],
   "source": [
    "i = 0; j =0"
   ]
  },
  {
   "cell_type": "code",
   "execution_count": 127,
   "metadata": {
    "collapsed": true,
    "hidden": true
   },
   "outputs": [],
   "source": [
    "for i in range(x):\n",
    "    a = 5*(i+1)\n",
    "    j = j + a"
   ]
  },
  {
   "cell_type": "code",
   "execution_count": 128,
   "metadata": {
    "collapsed": true,
    "hidden": true
   },
   "outputs": [],
   "source": [
    "y = (k-1)//3"
   ]
  },
  {
   "cell_type": "code",
   "execution_count": 129,
   "metadata": {
    "collapsed": true,
    "hidden": true
   },
   "outputs": [],
   "source": [
    "m = 0;n = 0"
   ]
  },
  {
   "cell_type": "code",
   "execution_count": 130,
   "metadata": {
    "collapsed": true,
    "hidden": true
   },
   "outputs": [],
   "source": [
    "for m in range(y):\n",
    "    b = 3*(m+1)\n",
    "    n = n + b"
   ]
  },
  {
   "cell_type": "code",
   "execution_count": 141,
   "metadata": {
    "collapsed": true,
    "hidden": true
   },
   "outputs": [],
   "source": [
    "z = (k-1)//15"
   ]
  },
  {
   "cell_type": "code",
   "execution_count": 142,
   "metadata": {
    "collapsed": true,
    "hidden": true
   },
   "outputs": [],
   "source": [
    "p = 0;q = 0"
   ]
  },
  {
   "cell_type": "code",
   "execution_count": 143,
   "metadata": {
    "collapsed": true,
    "hidden": true
   },
   "outputs": [],
   "source": [
    "for p in range(z):\n",
    "    c = 15*(p+1)\n",
    "    q = q + c"
   ]
  },
  {
   "cell_type": "code",
   "execution_count": 146,
   "metadata": {
    "hidden": true
   },
   "outputs": [
    {
     "data": {
      "text/plain": [
       "233168"
      ]
     },
     "execution_count": 146,
     "metadata": {},
     "output_type": "execute_result"
    }
   ],
   "source": [
    "j+n-q"
   ]
  },
  {
   "cell_type": "markdown",
   "metadata": {
    "heading_collapsed": true
   },
   "source": [
    "# Problem 2:\n",
    "\n",
    "Each new term in the Fibonacci sequence is generated by adding the previous two terms. By starting with 1 and 2, the first 10 terms will be:\n",
    "\n",
    "1, 2, 3, 5, 8, 13, 21, 34, 55, 89, ...\n",
    "\n",
    "By considering the terms in the Fibonacci sequence whose values do not exceed four million, find the sum of the even-valued terms."
   ]
  },
  {
   "cell_type": "code",
   "execution_count": 165,
   "metadata": {
    "collapsed": true,
    "hidden": true
   },
   "outputs": [],
   "source": [
    "i =1; j = 1; k=0"
   ]
  },
  {
   "cell_type": "code",
   "execution_count": 167,
   "metadata": {
    "collapsed": true,
    "hidden": true
   },
   "outputs": [],
   "source": [
    "while i < 4000000:\n",
    "    i = i + j\n",
    "    j = i-j\n",
    "    if i%2 == 0:\n",
    "        k = k+i"
   ]
  },
  {
   "cell_type": "code",
   "execution_count": 168,
   "metadata": {
    "hidden": true
   },
   "outputs": [
    {
     "data": {
      "text/plain": [
       "4613732"
      ]
     },
     "execution_count": 168,
     "metadata": {},
     "output_type": "execute_result"
    }
   ],
   "source": [
    "k"
   ]
  },
  {
   "cell_type": "markdown",
   "metadata": {
    "heading_collapsed": true
   },
   "source": [
    "# Problem 3:\n",
    "\n",
    "The prime factors of 13195 are 5, 7, 13 and 29.\n",
    "\n",
    "What is the largest prime factor of the number 600851475143 ?"
   ]
  },
  {
   "cell_type": "code",
   "execution_count": 682,
   "metadata": {
    "collapsed": true,
    "hidden": true
   },
   "outputs": [],
   "source": [
    "l = [1]"
   ]
  },
  {
   "cell_type": "code",
   "execution_count": null,
   "metadata": {
    "collapsed": true,
    "hidden": true
   },
   "outputs": [],
   "source": [
    "i = 600851475143; j = 0"
   ]
  },
  {
   "cell_type": "markdown",
   "metadata": {
    "hidden": true
   },
   "source": [
    "get all factors of i"
   ]
  },
  {
   "cell_type": "code",
   "execution_count": 5,
   "metadata": {
    "hidden": true
   },
   "outputs": [
    {
     "name": "stdout",
     "output_type": "stream",
     "text": [
      "1\n",
      "71\n",
      "839\n",
      "1471\n",
      "6857\n",
      "59569\n",
      "104441\n",
      "486847\n",
      "1234169\n",
      "5753023\n",
      "10086647\n"
     ]
    },
    {
     "ename": "KeyboardInterrupt",
     "evalue": "",
     "output_type": "error",
     "traceback": [
      "\u001b[0;31m---------------------------------------------------------------------------\u001b[0m",
      "\u001b[0;31mKeyboardInterrupt\u001b[0m                         Traceback (most recent call last)",
      "\u001b[0;32m<ipython-input-5-1d9464f1c4e4>\u001b[0m in \u001b[0;36m<module>\u001b[0;34m()\u001b[0m\n\u001b[1;32m      1\u001b[0m \u001b[0;32mwhile\u001b[0m \u001b[0mj\u001b[0m \u001b[0;32min\u001b[0m \u001b[0mrange\u001b[0m\u001b[0;34m(\u001b[0m\u001b[0mi\u001b[0m\u001b[0;34m//\u001b[0m\u001b[0;36m2\u001b[0m\u001b[0;34m)\u001b[0m\u001b[0;34m:\u001b[0m\u001b[0;34m\u001b[0m\u001b[0m\n\u001b[1;32m      2\u001b[0m     \u001b[0mj\u001b[0m\u001b[0;34m+=\u001b[0m\u001b[0;36m1\u001b[0m\u001b[0;34m\u001b[0m\u001b[0m\n\u001b[0;32m----> 3\u001b[0;31m     \u001b[0;32mif\u001b[0m \u001b[0mi\u001b[0m\u001b[0;34m%\u001b[0m\u001b[0mj\u001b[0m \u001b[0;34m==\u001b[0m \u001b[0;36m0\u001b[0m\u001b[0;34m:\u001b[0m\u001b[0;34m\u001b[0m\u001b[0m\n\u001b[0m\u001b[1;32m      4\u001b[0m         \u001b[0mprint\u001b[0m\u001b[0;34m(\u001b[0m\u001b[0mj\u001b[0m\u001b[0;34m)\u001b[0m\u001b[0;34m\u001b[0m\u001b[0m\n\u001b[1;32m      5\u001b[0m         \u001b[0ml\u001b[0m\u001b[0;34m.\u001b[0m\u001b[0mappend\u001b[0m\u001b[0;34m(\u001b[0m\u001b[0mj\u001b[0m\u001b[0;34m)\u001b[0m\u001b[0;34m\u001b[0m\u001b[0m\n",
      "\u001b[0;31mKeyboardInterrupt\u001b[0m: "
     ]
    }
   ],
   "source": [
    "while j in range(i//2):\n",
    "    j+=1\n",
    "    if i%j == 0:\n",
    "        print(j)\n",
    "        l.append(j)"
   ]
  },
  {
   "cell_type": "code",
   "execution_count": 683,
   "metadata": {
    "hidden": true,
    "scrolled": false
   },
   "outputs": [
    {
     "name": "stdout",
     "output_type": "stream",
     "text": [
      "839\n",
      "1471\n",
      "6857\n",
      "59569\n",
      "104441\n",
      "486847\n",
      "1234169\n",
      "5753023\n",
      "10086647\n",
      "87625999\n",
      "408464633\n",
      "716151937\n",
      "8462696833\n"
     ]
    },
    {
     "ename": "KeyboardInterrupt",
     "evalue": "",
     "output_type": "error",
     "traceback": [
      "\u001b[0;31m---------------------------------------------------------------------------\u001b[0m",
      "\u001b[0;31mKeyboardInterrupt\u001b[0m                         Traceback (most recent call last)",
      "\u001b[0;32m<ipython-input-683-1d9464f1c4e4>\u001b[0m in \u001b[0;36m<module>\u001b[0;34m()\u001b[0m\n\u001b[1;32m      1\u001b[0m \u001b[0;32mwhile\u001b[0m \u001b[0mj\u001b[0m \u001b[0;32min\u001b[0m \u001b[0mrange\u001b[0m\u001b[0;34m(\u001b[0m\u001b[0mi\u001b[0m\u001b[0;34m//\u001b[0m\u001b[0;36m2\u001b[0m\u001b[0;34m)\u001b[0m\u001b[0;34m:\u001b[0m\u001b[0;34m\u001b[0m\u001b[0m\n\u001b[0;32m----> 2\u001b[0;31m     \u001b[0mj\u001b[0m\u001b[0;34m+=\u001b[0m\u001b[0;36m1\u001b[0m\u001b[0;34m\u001b[0m\u001b[0m\n\u001b[0m\u001b[1;32m      3\u001b[0m     \u001b[0;32mif\u001b[0m \u001b[0mi\u001b[0m\u001b[0;34m%\u001b[0m\u001b[0mj\u001b[0m \u001b[0;34m==\u001b[0m \u001b[0;36m0\u001b[0m\u001b[0;34m:\u001b[0m\u001b[0;34m\u001b[0m\u001b[0m\n\u001b[1;32m      4\u001b[0m         \u001b[0mprint\u001b[0m\u001b[0;34m(\u001b[0m\u001b[0mj\u001b[0m\u001b[0;34m)\u001b[0m\u001b[0;34m\u001b[0m\u001b[0m\n\u001b[1;32m      5\u001b[0m         \u001b[0ml\u001b[0m\u001b[0;34m.\u001b[0m\u001b[0mappend\u001b[0m\u001b[0;34m(\u001b[0m\u001b[0mj\u001b[0m\u001b[0;34m)\u001b[0m\u001b[0;34m\u001b[0m\u001b[0m\n",
      "\u001b[0;31mKeyboardInterrupt\u001b[0m: "
     ]
    }
   ],
   "source": [
    "while j in range(i//2):\n",
    "    j+=1\n",
    "    if i%j == 0:\n",
    "        print(j)\n",
    "        l.append(j)"
   ]
  },
  {
   "cell_type": "code",
   "execution_count": 20,
   "metadata": {
    "collapsed": true,
    "hidden": true
   },
   "outputs": [],
   "source": [
    "l = [71, 839, 1471, 6857, 59569, 104441, 486847, 1234169, 5753023, 10086647, 87625999, 408464633, 716151937,8462696833, 600851475143]"
   ]
  },
  {
   "cell_type": "code",
   "execution_count": 21,
   "metadata": {
    "collapsed": true,
    "hidden": true
   },
   "outputs": [],
   "source": [
    "m = []"
   ]
  },
  {
   "cell_type": "code",
   "execution_count": 22,
   "metadata": {
    "hidden": true
   },
   "outputs": [
    {
     "name": "stdout",
     "output_type": "stream",
     "text": [
      "5041\n",
      "59569\n",
      "104441\n",
      "486847\n",
      "4229399\n",
      "7415311\n",
      "34566137\n",
      "87625999\n",
      "408464633\n",
      "716151937\n",
      "6221445929\n",
      "29000988943\n",
      "50846787527\n",
      "600851475143\n",
      "42660454735153\n",
      "59569\n",
      "703921\n",
      "1234169\n",
      "5753023\n",
      "49978391\n",
      "87625999\n",
      "408464633\n",
      "1035467791\n",
      "4826786297\n",
      "8462696833\n",
      "73518213161\n",
      "342701827087\n",
      "600851475143\n",
      "7100202642887\n",
      "504114387644977\n",
      "104441\n",
      "1234169\n",
      "2163841\n",
      "10086647\n",
      "87625999\n",
      "153632711\n",
      "716151937\n",
      "1815462599\n",
      "8462696833\n",
      "14837457737\n",
      "128897844529\n",
      "600851475143\n",
      "1053459499327\n",
      "12448627041343\n",
      "883852519935353\n",
      "486847\n",
      "5753023\n",
      "10086647\n",
      "47018449\n",
      "408464633\n",
      "716151937\n",
      "3338309879\n",
      "8462696833\n",
      "39448478711\n",
      "69164138479\n",
      "600851475143\n",
      "2800841988481\n",
      "4910653832009\n",
      "58028712183881\n",
      "4120038565055551\n",
      "4229399\n",
      "49978391\n",
      "87625999\n",
      "408464633\n",
      "3548465761\n",
      "6221445929\n",
      "29000988943\n",
      "73518213161\n",
      "342701827087\n",
      "600851475143\n",
      "5219793134431\n",
      "24331829723177\n",
      "42660454735153\n",
      "504114387644977\n",
      "35792121522793367\n",
      "7415311\n",
      "87625999\n",
      "153632711\n",
      "716151937\n",
      "6221445929\n",
      "10907922481\n",
      "50846787527\n",
      "128897844529\n",
      "600851475143\n",
      "1053459499327\n",
      "9151746961559\n",
      "42660454735153\n",
      "74795624452217\n",
      "883852519935353\n",
      "62753528915410063\n",
      "34566137\n",
      "408464633\n",
      "716151937\n",
      "3338309879\n",
      "29000988943\n",
      "50846787527\n",
      "237020001409\n",
      "600851475143\n",
      "2800841988481\n",
      "4910653832009\n",
      "42660454735153\n",
      "198859781182151\n",
      "348656422072639\n",
      "4120038565055551\n",
      "292522738118944121\n",
      "87625999\n",
      "1035467791\n",
      "1815462599\n",
      "8462696833\n",
      "73518213161\n",
      "128897844529\n",
      "600851475143\n",
      "1523173120561\n",
      "7100202642887\n",
      "12448627041343\n",
      "108145291559831\n",
      "504114387644977\n",
      "883852519935353\n",
      "10444398087686777\n",
      "741552264225761167\n",
      "408464633\n",
      "4826786297\n",
      "8462696833\n",
      "39448478711\n",
      "342701827087\n",
      "600851475143\n",
      "2800841988481\n",
      "7100202642887\n",
      "33097273638529\n",
      "58028712183881\n",
      "504114387644977\n",
      "2349906428335559\n",
      "4120038565055551\n",
      "48686089522276159\n",
      "3456712356081607289\n",
      "716151937\n",
      "8462696833\n",
      "14837457737\n",
      "69164138479\n",
      "600851475143\n",
      "1053459499327\n",
      "4910653832009\n",
      "12448627041343\n",
      "58028712183881\n",
      "101740447702609\n",
      "883852519935353\n",
      "4120038565055551\n",
      "7223571786885239\n",
      "85360235622488951\n",
      "6060576729196715521\n",
      "6221445929\n",
      "73518213161\n",
      "128897844529\n",
      "600851475143\n",
      "5219793134431\n",
      "9151746961559\n",
      "42660454735153\n",
      "108145291559831\n",
      "504114387644977\n",
      "883852519935353\n",
      "7678315700748001\n",
      "35792121522793367\n",
      "62753528915410063\n",
      "741552264225761167\n",
      "52650210760029042857\n",
      "29000988943\n",
      "342701827087\n",
      "600851475143\n",
      "2800841988481\n",
      "24331829723177\n",
      "42660454735153\n",
      "198859781182151\n",
      "504114387644977\n",
      "2349906428335559\n",
      "4120038565055551\n",
      "35792121522793367\n",
      "166843356411824689\n",
      "292522738118944121\n",
      "3456712356081607289\n",
      "245426577281794117519\n",
      "50846787527\n",
      "600851475143\n",
      "1053459499327\n",
      "4910653832009\n",
      "42660454735153\n",
      "74795624452217\n",
      "348656422072639\n",
      "883852519935353\n",
      "4120038565055551\n",
      "7223571786885239\n",
      "62753528915410063\n",
      "292522738118944121\n",
      "512873596868851969\n",
      "6060576729196715521\n",
      "430300947772966801991\n",
      "600851475143\n",
      "7100202642887\n",
      "12448627041343\n",
      "58028712183881\n",
      "504114387644977\n",
      "883852519935353\n",
      "4120038565055551\n",
      "10444398087686777\n",
      "48686089522276159\n",
      "85360235622488951\n",
      "741552264225761167\n",
      "3456712356081607289\n",
      "6060576729196715521\n",
      "71617237687268229889\n",
      "5084823875796044322119\n",
      "42660454735153\n",
      "504114387644977\n",
      "883852519935353\n",
      "4120038565055551\n",
      "35792121522793367\n",
      "62753528915410063\n",
      "292522738118944121\n",
      "741552264225761167\n",
      "3456712356081607289\n",
      "6060576729196715521\n",
      "52650210760029042857\n",
      "245426577281794117519\n",
      "430300947772966801991\n",
      "5084823875796044322119\n",
      "361022495181519146870449\n"
     ]
    }
   ],
   "source": [
    "for x,y in enumerate(l):        \n",
    "    for i in range(len(l)): \n",
    "        k = y*l[i]\n",
    "        print(k)\n",
    "        m.append(k)"
   ]
  },
  {
   "cell_type": "code",
   "execution_count": 23,
   "metadata": {
    "hidden": true
   },
   "outputs": [
    {
     "data": {
      "text/plain": [
       "[5041,\n",
       " 59569,\n",
       " 104441,\n",
       " 486847,\n",
       " 4229399,\n",
       " 7415311,\n",
       " 34566137,\n",
       " 87625999,\n",
       " 408464633,\n",
       " 716151937,\n",
       " 6221445929,\n",
       " 29000988943,\n",
       " 50846787527,\n",
       " 600851475143,\n",
       " 42660454735153,\n",
       " 59569,\n",
       " 703921,\n",
       " 1234169,\n",
       " 5753023,\n",
       " 49978391,\n",
       " 87625999,\n",
       " 408464633,\n",
       " 1035467791,\n",
       " 4826786297,\n",
       " 8462696833,\n",
       " 73518213161,\n",
       " 342701827087,\n",
       " 600851475143,\n",
       " 7100202642887,\n",
       " 504114387644977,\n",
       " 104441,\n",
       " 1234169,\n",
       " 2163841,\n",
       " 10086647,\n",
       " 87625999,\n",
       " 153632711,\n",
       " 716151937,\n",
       " 1815462599,\n",
       " 8462696833,\n",
       " 14837457737,\n",
       " 128897844529,\n",
       " 600851475143,\n",
       " 1053459499327,\n",
       " 12448627041343,\n",
       " 883852519935353,\n",
       " 486847,\n",
       " 5753023,\n",
       " 10086647,\n",
       " 47018449,\n",
       " 408464633,\n",
       " 716151937,\n",
       " 3338309879,\n",
       " 8462696833,\n",
       " 39448478711,\n",
       " 69164138479,\n",
       " 600851475143,\n",
       " 2800841988481,\n",
       " 4910653832009,\n",
       " 58028712183881,\n",
       " 4120038565055551,\n",
       " 4229399,\n",
       " 49978391,\n",
       " 87625999,\n",
       " 408464633,\n",
       " 3548465761,\n",
       " 6221445929,\n",
       " 29000988943,\n",
       " 73518213161,\n",
       " 342701827087,\n",
       " 600851475143,\n",
       " 5219793134431,\n",
       " 24331829723177,\n",
       " 42660454735153,\n",
       " 504114387644977,\n",
       " 35792121522793367,\n",
       " 7415311,\n",
       " 87625999,\n",
       " 153632711,\n",
       " 716151937,\n",
       " 6221445929,\n",
       " 10907922481,\n",
       " 50846787527,\n",
       " 128897844529,\n",
       " 600851475143,\n",
       " 1053459499327,\n",
       " 9151746961559,\n",
       " 42660454735153,\n",
       " 74795624452217,\n",
       " 883852519935353,\n",
       " 62753528915410063,\n",
       " 34566137,\n",
       " 408464633,\n",
       " 716151937,\n",
       " 3338309879,\n",
       " 29000988943,\n",
       " 50846787527,\n",
       " 237020001409,\n",
       " 600851475143,\n",
       " 2800841988481,\n",
       " 4910653832009,\n",
       " 42660454735153,\n",
       " 198859781182151,\n",
       " 348656422072639,\n",
       " 4120038565055551,\n",
       " 292522738118944121,\n",
       " 87625999,\n",
       " 1035467791,\n",
       " 1815462599,\n",
       " 8462696833,\n",
       " 73518213161,\n",
       " 128897844529,\n",
       " 600851475143,\n",
       " 1523173120561,\n",
       " 7100202642887,\n",
       " 12448627041343,\n",
       " 108145291559831,\n",
       " 504114387644977,\n",
       " 883852519935353,\n",
       " 10444398087686777,\n",
       " 741552264225761167,\n",
       " 408464633,\n",
       " 4826786297,\n",
       " 8462696833,\n",
       " 39448478711,\n",
       " 342701827087,\n",
       " 600851475143,\n",
       " 2800841988481,\n",
       " 7100202642887,\n",
       " 33097273638529,\n",
       " 58028712183881,\n",
       " 504114387644977,\n",
       " 2349906428335559,\n",
       " 4120038565055551,\n",
       " 48686089522276159,\n",
       " 3456712356081607289,\n",
       " 716151937,\n",
       " 8462696833,\n",
       " 14837457737,\n",
       " 69164138479,\n",
       " 600851475143,\n",
       " 1053459499327,\n",
       " 4910653832009,\n",
       " 12448627041343,\n",
       " 58028712183881,\n",
       " 101740447702609,\n",
       " 883852519935353,\n",
       " 4120038565055551,\n",
       " 7223571786885239,\n",
       " 85360235622488951,\n",
       " 6060576729196715521,\n",
       " 6221445929,\n",
       " 73518213161,\n",
       " 128897844529,\n",
       " 600851475143,\n",
       " 5219793134431,\n",
       " 9151746961559,\n",
       " 42660454735153,\n",
       " 108145291559831,\n",
       " 504114387644977,\n",
       " 883852519935353,\n",
       " 7678315700748001,\n",
       " 35792121522793367,\n",
       " 62753528915410063,\n",
       " 741552264225761167,\n",
       " 52650210760029042857,\n",
       " 29000988943,\n",
       " 342701827087,\n",
       " 600851475143,\n",
       " 2800841988481,\n",
       " 24331829723177,\n",
       " 42660454735153,\n",
       " 198859781182151,\n",
       " 504114387644977,\n",
       " 2349906428335559,\n",
       " 4120038565055551,\n",
       " 35792121522793367,\n",
       " 166843356411824689,\n",
       " 292522738118944121,\n",
       " 3456712356081607289,\n",
       " 245426577281794117519,\n",
       " 50846787527,\n",
       " 600851475143,\n",
       " 1053459499327,\n",
       " 4910653832009,\n",
       " 42660454735153,\n",
       " 74795624452217,\n",
       " 348656422072639,\n",
       " 883852519935353,\n",
       " 4120038565055551,\n",
       " 7223571786885239,\n",
       " 62753528915410063,\n",
       " 292522738118944121,\n",
       " 512873596868851969,\n",
       " 6060576729196715521,\n",
       " 430300947772966801991,\n",
       " 600851475143,\n",
       " 7100202642887,\n",
       " 12448627041343,\n",
       " 58028712183881,\n",
       " 504114387644977,\n",
       " 883852519935353,\n",
       " 4120038565055551,\n",
       " 10444398087686777,\n",
       " 48686089522276159,\n",
       " 85360235622488951,\n",
       " 741552264225761167,\n",
       " 3456712356081607289,\n",
       " 6060576729196715521,\n",
       " 71617237687268229889,\n",
       " 5084823875796044322119,\n",
       " 42660454735153,\n",
       " 504114387644977,\n",
       " 883852519935353,\n",
       " 4120038565055551,\n",
       " 35792121522793367,\n",
       " 62753528915410063,\n",
       " 292522738118944121,\n",
       " 741552264225761167,\n",
       " 3456712356081607289,\n",
       " 6060576729196715521,\n",
       " 52650210760029042857,\n",
       " 245426577281794117519,\n",
       " 430300947772966801991,\n",
       " 5084823875796044322119,\n",
       " 361022495181519146870449]"
      ]
     },
     "execution_count": 23,
     "metadata": {},
     "output_type": "execute_result"
    }
   ],
   "source": [
    "m"
   ]
  },
  {
   "cell_type": "markdown",
   "metadata": {
    "hidden": true
   },
   "source": [
    "print out the prime numbers"
   ]
  },
  {
   "cell_type": "code",
   "execution_count": 24,
   "metadata": {
    "hidden": true
   },
   "outputs": [
    {
     "name": "stdout",
     "output_type": "stream",
     "text": [
      "71\n",
      "839\n",
      "1471\n",
      "6857\n"
     ]
    }
   ],
   "source": [
    "for x,y in enumerate(l):\n",
    "    if y not in m:\n",
    "        print(y)"
   ]
  },
  {
   "cell_type": "markdown",
   "metadata": {
    "heading_collapsed": true
   },
   "source": [
    "# problem 4:\n",
    "\n",
    "A palindromic number reads the same both ways. The largest palindrome made from the product of two 2-digit numbers is 9009 = 91 × 99.\n",
    "\n",
    "Find the largest palindrome made from the product of two 3-digit numbers"
   ]
  },
  {
   "cell_type": "code",
   "execution_count": 4,
   "metadata": {
    "collapsed": true,
    "hidden": true
   },
   "outputs": [],
   "source": [
    "pl = 0"
   ]
  },
  {
   "cell_type": "code",
   "execution_count": 5,
   "metadata": {
    "collapsed": true,
    "hidden": true
   },
   "outputs": [],
   "source": [
    "for i in range(100,1000,1):\n",
    "    for j in range(100,1000,1):\n",
    "        k = i*j\n",
    "        if str(k)[0]==str(k)[-1]:\n",
    "            try:\n",
    "                if str(k)[1]==str(k)[-2]:\n",
    "                    try:\n",
    "                        if str(k)[2]==str(k)[-3]:    \n",
    "                            if k> pl:\n",
    "                                pl = k\n",
    "                                n1 = i\n",
    "                                n2 = j\n",
    "                    except:\n",
    "                        pass\n",
    "            except:\n",
    "                pass"
   ]
  },
  {
   "cell_type": "code",
   "execution_count": 6,
   "metadata": {
    "hidden": true
   },
   "outputs": [
    {
     "data": {
      "text/plain": [
       "998001"
      ]
     },
     "execution_count": 6,
     "metadata": {},
     "output_type": "execute_result"
    }
   ],
   "source": [
    "k"
   ]
  },
  {
   "cell_type": "code",
   "execution_count": 7,
   "metadata": {
    "hidden": true
   },
   "outputs": [
    {
     "data": {
      "text/plain": [
       "906609"
      ]
     },
     "execution_count": 7,
     "metadata": {},
     "output_type": "execute_result"
    }
   ],
   "source": [
    "pl"
   ]
  },
  {
   "cell_type": "code",
   "execution_count": 8,
   "metadata": {
    "hidden": true
   },
   "outputs": [
    {
     "data": {
      "text/plain": [
       "(913, 993)"
      ]
     },
     "execution_count": 8,
     "metadata": {},
     "output_type": "execute_result"
    }
   ],
   "source": [
    "n1,n2"
   ]
  },
  {
   "cell_type": "code",
   "execution_count": 499,
   "metadata": {
    "hidden": true
   },
   "outputs": [
    {
     "data": {
      "text/plain": [
       "906609"
      ]
     },
     "execution_count": 499,
     "metadata": {},
     "output_type": "execute_result"
    }
   ],
   "source": [
    "913*993"
   ]
  },
  {
   "cell_type": "markdown",
   "metadata": {
    "collapsed": true,
    "heading_collapsed": true
   },
   "source": [
    "# Problem 5\n",
    "\n",
    "2520 is the smallest number that can be divided by each of the numbers from 1 to 10 without any remainder.\n",
    "\n",
    "What is the smallest positive number that is evenly divisible by all of the numbers from 1 to 20?"
   ]
  },
  {
   "cell_type": "code",
   "execution_count": 143,
   "metadata": {
    "collapsed": true,
    "hidden": true,
    "scrolled": true
   },
   "outputs": [],
   "source": [
    "l = list(range(21))"
   ]
  },
  {
   "cell_type": "code",
   "execution_count": 144,
   "metadata": {
    "hidden": true
   },
   "outputs": [
    {
     "data": {
      "text/plain": [
       "0"
      ]
     },
     "execution_count": 144,
     "metadata": {},
     "output_type": "execute_result"
    }
   ],
   "source": [
    "l.pop(0)"
   ]
  },
  {
   "cell_type": "code",
   "execution_count": 145,
   "metadata": {
    "hidden": true
   },
   "outputs": [
    {
     "data": {
      "text/plain": [
       "[1, 2, 3, 4, 5, 6, 7, 8, 9, 10, 11, 12, 13, 14, 15, 16, 17, 18, 19, 20]"
      ]
     },
     "execution_count": 145,
     "metadata": {},
     "output_type": "execute_result"
    }
   ],
   "source": [
    "l"
   ]
  },
  {
   "cell_type": "code",
   "execution_count": 146,
   "metadata": {
    "hidden": true
   },
   "outputs": [
    {
     "data": {
      "text/plain": [
       "232792560"
      ]
     },
     "execution_count": 146,
     "metadata": {},
     "output_type": "execute_result"
    }
   ],
   "source": [
    "np.lcm.reduce(l)"
   ]
  },
  {
   "cell_type": "markdown",
   "metadata": {
    "collapsed": true,
    "heading_collapsed": true
   },
   "source": [
    "# Problem 6\n",
    "The sum of the squares of the first ten natural numbers is,\n",
    "\n",
    "12 + 22 + ... + 102 = 385\n",
    "The square of the sum of the first ten natural numbers is,\n",
    "\n",
    "(1 + 2 + ... + 10)2 = 552 = 3025\n",
    "Hence the difference between the sum of the squares of the first ten natural numbers and the square of the sum is 3025 − 385 = 2640.\n",
    "\n",
    "Find the difference between the sum of the squares of the first one hundred natural numbers and the square of the sum."
   ]
  },
  {
   "cell_type": "code",
   "execution_count": 162,
   "metadata": {
    "collapsed": true,
    "hidden": true
   },
   "outputs": [],
   "source": [
    "i = 100*101*201/6 #sum of squares"
   ]
  },
  {
   "cell_type": "code",
   "execution_count": 163,
   "metadata": {
    "collapsed": true,
    "hidden": true
   },
   "outputs": [],
   "source": [
    "j = 100**2*101**2/4 #Square of sum"
   ]
  },
  {
   "cell_type": "code",
   "execution_count": 164,
   "metadata": {
    "hidden": true
   },
   "outputs": [
    {
     "data": {
      "text/plain": [
       "25164150.0"
      ]
     },
     "execution_count": 164,
     "metadata": {},
     "output_type": "execute_result"
    }
   ],
   "source": [
    "j-i"
   ]
  },
  {
   "cell_type": "markdown",
   "metadata": {
    "heading_collapsed": true
   },
   "source": [
    "# Problem 7\n",
    "\n",
    "By listing the first six prime numbers: 2, 3, 5, 7, 11, and 13, we can see that the 6th prime is 13.\n",
    "\n",
    "What is the 10 001st prime number?"
   ]
  },
  {
   "cell_type": "code",
   "execution_count": 208,
   "metadata": {
    "hidden": true
   },
   "outputs": [
    {
     "data": {
      "text/plain": [
       "mpz(11)"
      ]
     },
     "execution_count": 208,
     "metadata": {},
     "output_type": "execute_result"
    }
   ],
   "source": [
    "gmpy2.next_prime(10)"
   ]
  },
  {
   "cell_type": "code",
   "execution_count": 328,
   "metadata": {
    "collapsed": true,
    "hidden": true
   },
   "outputs": [],
   "source": [
    "count =1; j = []; i = 1;k = [];  l = 1; m = 1;"
   ]
  },
  {
   "cell_type": "markdown",
   "metadata": {
    "hidden": true
   },
   "source": [
    "amazing loop!!!"
   ]
  },
  {
   "cell_type": "code",
   "execution_count": 329,
   "metadata": {
    "collapsed": true,
    "hidden": true
   },
   "outputs": [],
   "source": [
    "while count <10001:\n",
    "        l = gmpy2.next_prime(m)\n",
    "        k.append(l)\n",
    "        j = list(set(k))\n",
    "        count = len(j)\n",
    "        m+=1"
   ]
  },
  {
   "cell_type": "code",
   "execution_count": 335,
   "metadata": {
    "hidden": true
   },
   "outputs": [
    {
     "data": {
      "text/plain": [
       "(10001, mpz(104743))"
      ]
     },
     "execution_count": 335,
     "metadata": {},
     "output_type": "execute_result"
    }
   ],
   "source": [
    "len(j), sorted(j)[-1]"
   ]
  },
  {
   "cell_type": "code",
   "execution_count": 331,
   "metadata": {
    "hidden": true
   },
   "outputs": [
    {
     "data": {
      "text/plain": [
       "[mpz(65537),\n",
       " mpz(2),\n",
       " mpz(3),\n",
       " mpz(32771),\n",
       " mpz(5),\n",
       " mpz(65539),\n",
       " mpz(7),\n",
       " mpz(65543),\n",
       " mpz(11),\n",
       " mpz(32779),\n",
       " mpz(13),\n",
       " mpz(98317),\n",
       " mpz(32783),\n",
       " mpz(65551),\n",
       " mpz(17),\n",
       " mpz(98321),\n",
       " mpz(19),\n",
       " mpz(98323),\n",
       " mpz(32789),\n",
       " mpz(65557),\n",
       " mpz(23),\n",
       " mpz(98327),\n",
       " mpz(65563),\n",
       " mpz(29),\n",
       " mpz(32797),\n",
       " mpz(31),\n",
       " mpz(32801),\n",
       " mpz(32803),\n",
       " mpz(37),\n",
       " mpz(41),\n",
       " mpz(43),\n",
       " mpz(65579),\n",
       " mpz(65581),\n",
       " mpz(98347),\n",
       " mpz(47),\n",
       " mpz(65587),\n",
       " mpz(53),\n",
       " mpz(59),\n",
       " mpz(61),\n",
       " mpz(32831),\n",
       " mpz(65599),\n",
       " mpz(32833),\n",
       " mpz(98369),\n",
       " mpz(67),\n",
       " mpz(71),\n",
       " mpz(32839),\n",
       " mpz(73),\n",
       " mpz(65609),\n",
       " mpz(32843),\n",
       " mpz(98377),\n",
       " mpz(79),\n",
       " mpz(65617),\n",
       " mpz(83),\n",
       " mpz(98387),\n",
       " mpz(98389),\n",
       " mpz(89),\n",
       " mpz(65629),\n",
       " mpz(97),\n",
       " mpz(65633),\n",
       " mpz(101),\n",
       " mpz(32869),\n",
       " mpz(103),\n",
       " mpz(98407),\n",
       " mpz(107),\n",
       " mpz(98411),\n",
       " mpz(109),\n",
       " mpz(65647),\n",
       " mpz(113),\n",
       " mpz(65651),\n",
       " mpz(98419),\n",
       " mpz(32887),\n",
       " mpz(65657),\n",
       " mpz(98429),\n",
       " mpz(127),\n",
       " mpz(131),\n",
       " mpz(137),\n",
       " mpz(139),\n",
       " mpz(98443),\n",
       " mpz(32909),\n",
       " mpz(65677),\n",
       " mpz(32911),\n",
       " mpz(149),\n",
       " mpz(32917),\n",
       " mpz(151),\n",
       " mpz(65687),\n",
       " mpz(98453),\n",
       " mpz(98459),\n",
       " mpz(157),\n",
       " mpz(163),\n",
       " mpz(65699),\n",
       " mpz(32933),\n",
       " mpz(65701),\n",
       " mpz(167),\n",
       " mpz(98467),\n",
       " mpz(98473),\n",
       " mpz(32939),\n",
       " mpz(65707),\n",
       " mpz(173),\n",
       " mpz(32941),\n",
       " mpz(98479),\n",
       " mpz(65713),\n",
       " mpz(179),\n",
       " mpz(181),\n",
       " mpz(65717),\n",
       " mpz(65719),\n",
       " mpz(98491),\n",
       " mpz(32957),\n",
       " mpz(191),\n",
       " mpz(193),\n",
       " mpz(65729),\n",
       " mpz(65731),\n",
       " mpz(197),\n",
       " mpz(199),\n",
       " mpz(32969),\n",
       " mpz(32971),\n",
       " mpz(98507),\n",
       " mpz(211),\n",
       " mpz(32983),\n",
       " mpz(98519),\n",
       " mpz(32987),\n",
       " mpz(223),\n",
       " mpz(32993),\n",
       " mpz(65761),\n",
       " mpz(227),\n",
       " mpz(229),\n",
       " mpz(98533),\n",
       " mpz(32999),\n",
       " mpz(233),\n",
       " mpz(239),\n",
       " mpz(98543),\n",
       " mpz(241),\n",
       " mpz(65777),\n",
       " mpz(33013),\n",
       " mpz(251),\n",
       " mpz(65789),\n",
       " mpz(33023),\n",
       " mpz(257),\n",
       " mpz(98561),\n",
       " mpz(98563),\n",
       " mpz(33029),\n",
       " mpz(263),\n",
       " mpz(269),\n",
       " mpz(33037),\n",
       " mpz(271),\n",
       " mpz(98573),\n",
       " mpz(65809),\n",
       " mpz(277),\n",
       " mpz(281),\n",
       " mpz(33049),\n",
       " mpz(283),\n",
       " mpz(33053),\n",
       " mpz(65827),\n",
       " mpz(293),\n",
       " mpz(98597),\n",
       " mpz(65831),\n",
       " mpz(65837),\n",
       " mpz(33071),\n",
       " mpz(65839),\n",
       " mpz(33073),\n",
       " mpz(307),\n",
       " mpz(65843),\n",
       " mpz(311),\n",
       " mpz(313),\n",
       " mpz(33083),\n",
       " mpz(65851),\n",
       " mpz(317),\n",
       " mpz(98621),\n",
       " mpz(33091),\n",
       " mpz(98627),\n",
       " mpz(331),\n",
       " mpz(65867),\n",
       " mpz(98639),\n",
       " mpz(337),\n",
       " mpz(98641),\n",
       " mpz(33107),\n",
       " mpz(33113),\n",
       " mpz(65881),\n",
       " mpz(347),\n",
       " mpz(349),\n",
       " mpz(33119),\n",
       " mpz(353),\n",
       " mpz(359),\n",
       " mpz(98663),\n",
       " mpz(65899),\n",
       " mpz(98669),\n",
       " mpz(367),\n",
       " mpz(373),\n",
       " mpz(379),\n",
       " mpz(33149),\n",
       " mpz(383),\n",
       " mpz(33151),\n",
       " mpz(65921),\n",
       " mpz(98689),\n",
       " mpz(389),\n",
       " mpz(65927),\n",
       " mpz(33161),\n",
       " mpz(65929),\n",
       " mpz(397),\n",
       " mpz(401),\n",
       " mpz(98711),\n",
       " mpz(409),\n",
       " mpz(98713),\n",
       " mpz(33179),\n",
       " mpz(33181),\n",
       " mpz(98717),\n",
       " mpz(65951),\n",
       " mpz(419),\n",
       " mpz(421),\n",
       " mpz(65957),\n",
       " mpz(33191),\n",
       " mpz(98729),\n",
       " mpz(65963),\n",
       " mpz(98731),\n",
       " mpz(431),\n",
       " mpz(33199),\n",
       " mpz(433),\n",
       " mpz(98737),\n",
       " mpz(33203),\n",
       " mpz(439),\n",
       " mpz(443),\n",
       " mpz(33211),\n",
       " mpz(65981),\n",
       " mpz(65983),\n",
       " mpz(449),\n",
       " mpz(33223),\n",
       " mpz(457),\n",
       " mpz(65993),\n",
       " mpz(461),\n",
       " mpz(463),\n",
       " mpz(467),\n",
       " mpz(98773),\n",
       " mpz(98779),\n",
       " mpz(479),\n",
       " mpz(33247),\n",
       " mpz(487),\n",
       " mpz(491),\n",
       " mpz(66029),\n",
       " mpz(98801),\n",
       " mpz(499),\n",
       " mpz(66037),\n",
       " mpz(503),\n",
       " mpz(98807),\n",
       " mpz(66041),\n",
       " mpz(98809),\n",
       " mpz(509),\n",
       " mpz(66047),\n",
       " mpz(33287),\n",
       " mpz(521),\n",
       " mpz(33289),\n",
       " mpz(523),\n",
       " mpz(66067),\n",
       " mpz(33301),\n",
       " mpz(98837),\n",
       " mpz(66071),\n",
       " mpz(541),\n",
       " mpz(33311),\n",
       " mpz(98849),\n",
       " mpz(547),\n",
       " mpz(66083),\n",
       " mpz(33317),\n",
       " mpz(66089),\n",
       " mpz(557),\n",
       " mpz(33329),\n",
       " mpz(563),\n",
       " mpz(33331),\n",
       " mpz(98867),\n",
       " mpz(98869),\n",
       " mpz(66103),\n",
       " mpz(569),\n",
       " mpz(98873),\n",
       " mpz(571),\n",
       " mpz(66107),\n",
       " mpz(66109),\n",
       " mpz(33343),\n",
       " mpz(577),\n",
       " mpz(33347),\n",
       " mpz(33349),\n",
       " mpz(98887),\n",
       " mpz(33353),\n",
       " mpz(587),\n",
       " mpz(98893),\n",
       " mpz(33359),\n",
       " mpz(593),\n",
       " mpz(98897),\n",
       " mpz(98899),\n",
       " mpz(599),\n",
       " mpz(601),\n",
       " mpz(66137),\n",
       " mpz(98909),\n",
       " mpz(607),\n",
       " mpz(98911),\n",
       " mpz(33377),\n",
       " mpz(613),\n",
       " mpz(617),\n",
       " mpz(619),\n",
       " mpz(33391),\n",
       " mpz(98927),\n",
       " mpz(66161),\n",
       " mpz(98929),\n",
       " mpz(631),\n",
       " mpz(66169),\n",
       " mpz(33403),\n",
       " mpz(98939),\n",
       " mpz(66173),\n",
       " mpz(641),\n",
       " mpz(33409),\n",
       " mpz(643),\n",
       " mpz(66179),\n",
       " mpz(33413),\n",
       " mpz(98947),\n",
       " mpz(647),\n",
       " mpz(98953),\n",
       " mpz(653),\n",
       " mpz(66191),\n",
       " mpz(659),\n",
       " mpz(33427),\n",
       " mpz(661),\n",
       " mpz(98963),\n",
       " mpz(673),\n",
       " mpz(677),\n",
       " mpz(98981),\n",
       " mpz(683),\n",
       " mpz(66221),\n",
       " mpz(33457),\n",
       " mpz(98993),\n",
       " mpz(691),\n",
       " mpz(33461),\n",
       " mpz(98999),\n",
       " mpz(701),\n",
       " mpz(33469),\n",
       " mpz(66239),\n",
       " mpz(709),\n",
       " mpz(99013),\n",
       " mpz(33479),\n",
       " mpz(99017),\n",
       " mpz(719),\n",
       " mpz(33487),\n",
       " mpz(99023),\n",
       " mpz(33493),\n",
       " mpz(727),\n",
       " mpz(733),\n",
       " mpz(33503),\n",
       " mpz(66271),\n",
       " mpz(99041),\n",
       " mpz(739),\n",
       " mpz(743),\n",
       " mpz(99053),\n",
       " mpz(751),\n",
       " mpz(33521),\n",
       " mpz(757),\n",
       " mpz(66293),\n",
       " mpz(761),\n",
       " mpz(33529),\n",
       " mpz(33533),\n",
       " mpz(66301),\n",
       " mpz(769),\n",
       " mpz(773),\n",
       " mpz(99079),\n",
       " mpz(33547),\n",
       " mpz(99083),\n",
       " mpz(99089),\n",
       " mpz(787),\n",
       " mpz(33563),\n",
       " mpz(797),\n",
       " mpz(99103),\n",
       " mpz(33569),\n",
       " mpz(66337),\n",
       " mpz(99109),\n",
       " mpz(66343),\n",
       " mpz(809),\n",
       " mpz(33577),\n",
       " mpz(811),\n",
       " mpz(66347),\n",
       " mpz(33581),\n",
       " mpz(99119),\n",
       " mpz(33587),\n",
       " mpz(821),\n",
       " mpz(33589),\n",
       " mpz(823),\n",
       " mpz(66359),\n",
       " mpz(66361),\n",
       " mpz(827),\n",
       " mpz(99131),\n",
       " mpz(829),\n",
       " mpz(99133),\n",
       " mpz(33599),\n",
       " mpz(33601),\n",
       " mpz(99137),\n",
       " mpz(99139),\n",
       " mpz(66373),\n",
       " mpz(839),\n",
       " mpz(66377),\n",
       " mpz(33613),\n",
       " mpz(99149),\n",
       " mpz(66383),\n",
       " mpz(33617),\n",
       " mpz(33619),\n",
       " mpz(853),\n",
       " mpz(33623),\n",
       " mpz(857),\n",
       " mpz(859),\n",
